Loaded 78 frames

Frame 4: Messi in records [2897, 63738]
Frame 4: Haaland in records []

============================================================
Frame 3: 83837 records x 196 bytes

  --- Record 2897 in Frame 3 ---
  [  0: 50] [0, 226, 7, 182, 0, 232, 7, 1, 224, 13, 102, 0, 0, 0, 0, 255, 0, 0, 0, 0, 0, 1, 1, 182, 0, 231, 7, 182, 0, 232, 7, 1, 93, 179, 15, 0, 0, 0, 0, 255, 0, 0, 0, 0, 0, 1, 6, 182, 0, 231]
  [ 50:100] [7, 182, 0, 232, 7, 1, 173, 181, 32, 0, 0, 0, 0, 255, 0, 0, 0, 0, 0, 1, 8, 182, 0, 231, 7, 182, 0, 232, 7, 1, 174, 217, 7, 0, 0, 0, 0, 255, 0, 0, 0, 0, 0, 1, 11, 182, 0, 231, 7, 182]
  [100:150] [0, 232, 7, 1, 188, 138, 6, 0, 0, 0, 0, 255, 0, 0, 0, 0, 0, 1, 19, 182, 0, 231, 7, 182, 0, 232, 7, 1, 201, 59, 5, 0, 0, 0, 0, 255, 0, 0, 0, 0, 0, 1, 4, 182, 0, 231, 7, 182, 0, 232]
  [150:196] [7, 1, 120, 21, 13, 0, 0, 0, 0, 255, 0, 0, 0, 0, 0, 1, 3, 182, 0, 231, 7, 182, 0, 232, 7, 1, 161, 40, 9, 0, 0, 0, 0, 255, 0, 0, 0, 0, 0, 0, 238, 27, 123, 98, 0, 0]
  Attr value matches: 26/196

  --- Record 63738 in Frame 3 ---
  [  0: 50] [0, 0, 255, 255, 255, 255, 0, 0, 0, 1, 188, 241, 0, 0, 0, 0, 0, 0, 0, 0, 0, 195, 240, 0, 0, 218, 18, 60, 4, 218, 18, 60, 4, 0, 255, 255, 255, 255, 174, 0, 0, 0, 174, 0, 0, 0, 174, 0, 0, 0]
  [ 50:100] [73, 38, 0, 0, 0, 0, 0, 0, 0, 0, 20, 0, 0, 0, 70, 67, 32, 80, 114, 111, 103, 114, 101, 115, 32, 66, 101, 114, 100, 121, 99, 104, 105, 118, 20, 0, 0, 0, 70, 67, 32, 80, 114, 111, 103, 114, 101, 115, 32, 66]
  [100:150] [101, 114, 100, 121, 99, 104, 105, 118, 3, 255, 255, 255, 255, 255, 255, 0, 0, 0, 0, 0, 0, 0, 0, 0, 0, 0, 1, 0, 108, 7, 1, 0, 108, 7, 1, 0, 108, 7, 0, 0, 0, 0, 0, 0, 0, 0, 0, 0, 0, 0]
  [150:196] [0, 0, 0, 0, 0, 0, 0, 0, 0, 0, 0, 128, 63, 0, 0, 0, 0, 255, 255, 255, 255, 0, 0, 0, 1, 189, 241, 0, 0, 0, 0, 0, 0, 0, 0, 0, 196, 240, 0, 0, 231, 18, 60, 4, 231, 18]
  Attr value matches: 13/196

============================================================
Frame 28: 84085 records x 104 bytes

  --- Record 2897 in Frame 28 ---
  [  0: 50] [255, 255, 255, 255, 255, 255, 255, 0, 0, 0, 0, 255, 255, 255, 255, 255, 0, 0, 0, 0, 255, 255, 0, 253, 4, 0, 0, 0, 0, 0, 0, 0, 0, 0, 0, 0, 0, 195, 5, 0, 0, 164, 6, 0, 0, 164, 6, 0, 0, 10]
  [ 50:100] [0, 9, 124, 21, 139, 23, 0, 0, 138, 23, 0, 0, 255, 255, 255, 255, 151, 1, 0, 0, 2, 7, 0, 0, 255, 255, 255, 255, 0, 255, 255, 255, 255, 19, 0, 13, 246, 3, 0, 49, 174, 4, 0, 220, 220, 4, 0, 201, 230, 4]
  [100:104] [0, 85, 234, 4]
  Attr value matches: 12/104

  --- Record 63738 in Frame 28 ---
  [  0: 50] [19, 0, 0, 255, 255, 255, 255, 255, 255, 255, 255, 255, 255, 255, 255, 255, 255, 255, 255, 0, 255, 255, 255, 255, 0, 0, 255, 255, 255, 255, 255, 255, 255, 255, 0, 0, 0, 0, 255, 255, 255, 255, 255, 0, 0, 0, 0, 255, 255, 0]
  [ 50:100] [226, 241, 0, 0, 0, 0, 0, 0, 0, 0, 0, 0, 0, 0, 219, 242, 0, 0, 231, 43, 60, 4, 231, 43, 60, 4, 10, 0, 0, 100, 0, 213, 2, 0, 0, 255, 255, 255, 255, 255, 255, 255, 255, 4, 130, 0, 0, 255, 255, 255]
  [100:104] [255, 255, 255, 255]
  Attr value matches: 5/104

============================================================
Frame 29: 84085 records x 82 bytes

  --- Record 2897 in Frame 29 ---
  [  0: 50] [81, 11, 0, 0, 255, 255, 255, 255, 0, 0, 0, 0, 16, 39, 0, 0, 0, 0, 108, 7, 0, 1, 0, 244, 1, 244, 1, 244, 1, 1, 0, 108, 7, 1, 0, 108, 7, 1, 0, 108, 7, 1, 0, 108, 7, 1, 0, 108, 7, 0]
  [ 50: 82] [0, 0, 0, 0, 0, 0, 0, 1, 0, 108, 7, 255, 0, 0, 0, 0, 0, 0, 0, 0, 8, 0, 0, 0, 255, 255, 255, 255, 255, 255, 255, 0]
  Attr value matches: 9/82

  --- Record 63738 in Frame 29 ---
  [  0: 50] [250, 248, 0, 0, 255, 255, 255, 255, 0, 0, 0, 0, 16, 39, 0, 0, 0, 0, 108, 7, 0, 1, 0, 244, 1, 244, 1, 244, 1, 1, 0, 108, 7, 1, 0, 108, 7, 1, 0, 108, 7, 1, 0, 108, 7, 1, 0, 108, 7, 0]
  [ 50: 82] [0, 0, 0, 0, 0, 0, 0, 1, 0, 108, 7, 255, 0, 0, 0, 0, 0, 0, 0, 0, 8, 0, 0, 0, 255, 255, 255, 255, 255, 255, 255, 0]
  Attr value matches: 9/82

============================================================
Cross-reference check: same indices in Frame 3 and 4

  Frame3[2897] first 30: [0, 226, 7, 182, 0, 232, 7, 1, 224, 13, 102, 0, 0, 0, 0, 255, 0, 0, 0, 0, 0, 1, 1, 182, 0, 231, 7, 182, 0, 232]
  Frame4[2897] first 30: [220, 2, 208, 249, 220, 2, 1, 0, 1, 0, 108, 7, 127, 2, 0, 0, 91, 107, 65, 0, 0, 0, 1, 0, 0, 0, 0, 255, 255, 255]

  Frame3[63738] first 30: [0, 0, 255, 255, 255, 255, 0, 0, 0, 1, 188, 241, 0, 0, 0, 0, 0, 0, 0, 0, 0, 195, 240, 0, 0, 218, 18, 60, 4, 218]
  Frame4[63738] first 30: [255, 0, 0, 0, 0, 0, 0, 0, 0, 0, 0, 0, 0, 0, 0, 0, 0, 0, 1, 0, 0, 0, 255, 255, 255, 255, 0, 0, 0, 0]

============================================================
Frame 28: 84085 records x 104 bytes

  Frame3[2897] - looking for scaled attributes:
  Value 200 at: []
  Value 30 at: []
  x10 matches: 2 - [(152, 120, 12), (177, 40, 4)]

  Frame3[63738] - looking for scaled attributes:
  Value 200 at: []
  Value 30 at: []
  x10 matches: 6 - [(64, 70, 7), (67, 80, 8), (78, 100, 10), (88, 70, 7), (91, 80, 8), (102, 100, 10)]
